Original Matrix
1.0000000000  1.0000000000  1.0000000000  |  9.0000000000  
2.0000000000  3.0000000000  4.0000000000  |  20.0000000000  
3.0000000000  6.0000000000  2.0000000000  |  12.0000000000  
-------------------------------------------------------------------
Step 1
3.0000000000  6.0000000000  2.0000000000  |  12.0000000000  
0.0000000000  -1.0000000000  2.6666666667  |  12.0000000000  
1.0000000000  1.0000000000  1.0000000000  |  9.0000000000  
-------------------------------------------------------------------
Step 2
3.0000000000  6.0000000000  2.0000000000  |  12.0000000000  
0.0000000000  -1.0000000000  2.6666666667  |  12.0000000000  
0.0000000000  -1.0000000000  0.3333333333  |  5.0000000000  
-------------------------------------------------------------------
Step 3
3.0000000000  6.0000000000  2.0000000000  |  12.0000000000  
0.0000000000  -1.0000000000  2.6666666667  |  12.0000000000  
0.0000000000  0.0000000000  -2.3333333333  |  -7.0000000000  
-------------------------------------------------------------------
Solutions
10.0000000000
-4.0000000000
3.0000000000
