      i          x1i          x2i          x3i          x1i+1        x2i+1        x3i+1        Err1        Err2        Err3        Time  
  1.000000     1.000000     2.000000     1.000000     6.000000     4.666667    -1.500000     0.000000     0.000000     0.000000     0.293424   
  2.000000     6.000000     4.666667    -1.500000     5.833333     4.666667   -17.000000     0.166667     0.000000    15.500000     0.430596   
  3.000000     5.833333     4.666667   -17.000000    21.333333    25.444444   -16.750000    15.500000    20.777778     0.250000     0.529396   
  4.000000    21.333333    25.444444   -16.750000     0.305556    14.777778   -102.333333    21.027778    10.666667    85.583333     0.416671   
  5.000000     0.305556    14.777778   -102.333333    96.555556   142.907407   -38.791667    96.250000   128.129630    63.541667     0.497799   
  6.000000    96.555556   142.907407   -38.791667   -95.115741    -5.981481   -567.555556   191.671296   148.888889   528.763889     0.516436   
  7.000000   -95.115741    -5.981481   -567.555556   582.537037   826.817901   166.618056   677.652778   832.799383   734.173611     0.453181   
  8.000000   582.537037   826.817901   166.618056   -984.435957   -603.848765   -3348.259259   1566.972994   1430.666667   3514.877315     0.431184   
  9.000000   -984.435957   -603.848765   -3348.259259   3961.108025   5127.302984   3294.200231   4945.543981   5731.151749   6642.459491     0.410418   
 10.000000   3961.108025   5127.302984   3294.200231   -8412.503215   -7026.338992   -21317.570988   12373.611240   12153.641975   24611.771219     0.370515   
 11.000000   -8412.503215   -7026.338992   -21317.570988   28352.909979   34038.430127   33703.771798   36765.413194   41064.769119   55021.342785     0.408404   
 12.000000   28352.909979   34038.430127   33703.771798   -67733.201925   -63833.635717   -144638.655350   96086.111904   97872.065844   178342.427148     0.385253   
 13.000000   -67733.201925   -63833.635717   -144638.655350   208481.291067   238013.675083   293106.710037   276214.492991   301847.310800   437745.365387     0.401831   
 14.000000   208481.291067   238013.675083   293106.710037   -531111.385120   -529789.807427   -1026756.961848   739592.676187   767803.482510   1319863.671886     0.411004   
 15.000000   -531111.385120   -529789.807427   -1026756.961848   1556555.769276   1723090.205878   2386042.499962   2087667.154396   2252880.013305   3412799.461811     0.372593   
 16.000000   1556555.769276   1723090.205878   2386042.499962   -4109123.705841   -4219087.179467   -7504098.271548   5665679.475116   5942177.385345   9890140.771510     0.402349   
 17.000000   -4109123.705841   -4219087.179467   -7504098.271548   11723194.451015   12744886.832624   18820953.097162   15832318.156855   16963974.012091   26325051.368710     0.411431   
 18.000000   11723194.451015   12744886.832624   18820953.097162   -31565830.929786   -32910060.430227   -55819446.174395   43289025.380801   45654947.262851   74640399.271557     0.428976   
 19.000000   -31565830.929786   -32910060.430227   -55819446.174395   88729515.604621   95469822.185717   146078933.685359   120295346.534408   128379882.615944   201898379.859754     0.409086   
 20.000000   88729515.604621   95469822.185717   146078933.685359   -241548746.871076   -253924915.316893   -419503733.964083   330278262.475697   349394737.502610   565582667.649442     0.421044   
 21.000000   -241548746.871076   -253924915.316893   -419503733.964083   673428658.280976   720370816.532828   1124097872.257293   914977405.152052   974295731.849721   1543601606.221376     0.418897   
 22.000000   673428658.280976   720370816.532828   1124097872.257293   -1844468679.790122   -1947749595.197042   -3171255431.019949   2517897338.071097   2668120411.729870   4295353303.277242     0.398288   
 23.000000   -1844468679.790122   -1947749595.197042   -3171255431.019949   5119005035.216991   5457986367.886680   8609951811.276308   6963473715.007113   7405735963.083721   11781207242.296257     0.416177   
 24.000000   5119005035.216991   5457986367.886680   8609951811.276308   -14067938170.162987   -14892605765.179739   -24052466650.485523   19186943205.379978   20350592133.066418   32662418461.761833     0.411688   
 25.000000   -14067938170.162987   -14892605765.179739   -24052466650.485523   38945072424.665260   41448580987.422691   65779724556.783691   53013010594.828247   56341186752.602425   89832191207.269211     0.423681   
 26.000000   38945072424.665260   41448580987.422691   65779724556.783691   -107228305535.206390   -113669681018.821760   -182763351593.265960   146173377959.871640   155118262006.244450   248543076150.049650     0.426477   
 27.000000   -107228305535.206390   -113669681018.821760   -182763351593.265960   296433032621.087710   315170005821.158870   501851501365.274840   403661338156.294070   428839686839.980590   684614852958.540770     0.443330   
 28.000000   296433032621.087710   315170005821.158870   501851501365.274840   -817021507177.433720   -866757356894.424930   -1390159566389.108200   1113454539798.521500   1181927362715.583700   1892011067754.383100     0.419012   
 29.000000   -817021507177.433720   -866757356894.424930   -1390159566389.108200   2256916923292.533200   2398227093310.433100   3825804331455.425800   3073938430469.966800   3264984450204.858400   5215963897844.534200     0.390045   
 30.000000   2256916923292.533200   2398227093310.433100   3825804331455.425800   -6224031424756.859400   -6605683724128.922900   -10580056664864.100000   8480948348049.392600   9003910817439.355500   14405860996319.525000     0.386651   
 31.000000   -6224031424756.859400   -6605683724128.922900   -10580056664864.100000   17185740389002.023000   18256096502996.707000   29153098309528.059000   23409771813758.883000   24861780227125.629000   39733154974392.156000     0.419512   
 32.000000   17185740389002.023000   18256096502996.707000   29153098309528.059000   -47409194812515.766000   -50327958005365.430000   -80546900092487.156000   64594935201517.789000   68584054508362.133000   109699998402015.220000     0.423224   
 33.000000   -47409194812515.766000   -50327958005365.430000   -80546900092487.156000   130874858097861.590000   139001996665000.050000   222097666234875.940000   178284052910377.370000   189329954670365.470000   302644566327363.120000     0.416802   
 34.000000   130874858097861.590000   139001996665000.050000   222097666234875.940000   -361099662899867.000000   -383380127045069.000000   -613318277141786.500000   491974520997728.620000   522382123710069.060000   835415943376662.500000     0.375147   
 35.000000   -361099662899867.000000   -383380127045069.000000   -613318277141786.500000   996698404186864.500000   1058490811455633.400000   1691789875485013.500000   1357798067086731.500000   1441870938500702.200000   2305108152626800.000000     0.375720   
 36.000000   996698404186864.500000   1058490811455633.400000   1691789875485013.500000   -2750280686940638.000000   -2920185436771254.500000   -4670520040647191.000000   3746979091127502.500000   3978676248226887.500000   6362309916132204.000000     0.411854   
 37.000000   -2750280686940638.000000   -2920185436771254.500000   -4670520040647191.000000   7590705477418455.000000   8060880512156687.000000   12885977340724726.000000   10340986164359092.000000   10981065948927940.000000   17556497381371916.000000     0.427951   
 38.000000   7590705477418455.000000   8060880512156687.000000   12885977340724726.000000   -20946857852881404.000000   -22241773439245264.000000   -35568699752597736.000000   28537563330299856.000000   30302653951401952.000000   48454677093322464.000000     0.430932   
 39.000000   -20946857852881404.000000   -22241773439245264.000000   -35568699752597736.000000   57810473191843008.000000   61389504905384592.000000   98145607097057904.000000   78757331044724416.000000   83631278344629856.000000   133714306849655650.000000     0.405481   
 40.000000   57810473191843008.000000   61389504905384592.000000   98145607097057904.000000   -159535112002442500.000000   -169401124923972540.000000   -270884224503918300.000000   217345585194285500.000000   230790629829357120.000000   369029831600976190.000000     0.426282   
 41.000000   -159535112002442500.000000   -169401124923972540.000000   -270884224503918300.000000   440285349427890820.000000   467535707340186050.000000   747506042775581310.000000   599820461430333310.000000   636936832264158590.000000   1018390267279499600.000000     0.397798   
 42.000000   440285349427890820.000000   467535707340186050.000000   747506042775581310.000000   -1215041750115767300.000000   -1290198289986035700.000000   -2063035146162394400.000000   1655327099543658000.000000   1757733997326221800.000000   2810541188937975800.000000     0.420671   
 43.000000   -1215041750115767300.000000   -1290198289986035700.000000   -2063035146162394400.000000   3353233436148429800.000000   3560741361627037200.000000   5693157495131757600.000000   4568275186264197100.000000   4850939651613072400.000000   7756192641294151700.000000     0.419372   
 44.000000   3353233436148429800.000000   3560741361627037200.000000   5693157495131757600.000000   -9253898856758794200.000000   -9826365617607964700.000000   -15712074239103756000.000000   12607132292907225000.000000   13387106979235000000.000000   21405231734235513000.000000     0.424558   
 45.000000   -9253898856758794200.000000   -9826365617607964700.000000   -15712074239103756000.000000   25538439856711721000.000000   27118698223310868000.000000   43359945137962082000.000000   34792338713470517000.000000   36945063840918831000.000000   59072019377065837000.000000     0.421534   
 46.000000   25538439856711721000.000000   27118698223310868000.000000   43359945137962082000.000000   -70478643361272955000.000000   -74838886755090596000.000000   -119663754455000200000.000000   96017083217984684000.000000   101957584978401460000.000000   163023699592962280000.000000     0.380645   
 47.000000   -70478643361272955000.000000   -74838886755090596000.000000   -119663754455000200000.000000   194502641210090780000.000000   206537434847515540000.000000   330234625307181190000.000000   264981284571363740000.000000   281376321602606140000.000000   449898379762181410000.000000     0.414379   
 48.000000   194502641210090780000.000000   206537434847515540000.000000   330234625307181190000.000000   -536772060154696760000.000000   -569981261216302170000.000000   -911366266357682800000.000000   731274701364787540000.000000   776518696063817740000.000000   1241600891664863900000.000000     0.403772   
 49.000000   -536772060154696760000.000000   -569981261216302170000.000000   -911366266357682800000.000000   1481347527573985000000.000000   1573003061913374900000.000000   2515101873880951700000.000000   2018119587728681900000.000000   2142984323129677200000.000000   3426468140238634500000.000000     0.463463   
 50.000000   1481347527573985000000.000000   1573003061913374900000.000000   2515101873880951700000.000000   -4088104935794326600000.000000   -4341034183557258900000.000000   -6941030477101102300000.000000   5569452463368311900000.000000   5914037245470634400000.000000   9456132350982054000000.000000     0.508980   